Magnetizacion = 0.140811    +- 0.002105
Energia Media = -0.364386    +- 0.025522
Calor especifico = 1.002127

Funcion de correlacion:
f(0) = 1.000000
f(1) = 0.364606
f(2) = 0.152383
f(3) = 0.068973
f(4) = 0.032222
f(5) = 0.014467
f(6) = 0.007673
f(7) = 0.003614
f(8) = 0.001794
f(9) = 0.003614
f(10) = 0.007673
f(11) = 0.014467
f(12) = 0.032222
f(13) = 0.068973
f(14) = 0.152383
f(15) = 0.364606
