Magnetizacion = 0.125079    +- 0.001876
Energia Media = -0.330684    +- 0.024494
Calor especifico = 0.857058

Funcion de correlacion:
f(0) = 1.000000
f(1) = 0.331172
f(2) = 0.124450
f(3) = 0.051602
f(4) = 0.022347
f(5) = 0.010878
f(6) = 0.005966
f(7) = 0.003806
f(8) = 0.003520
f(9) = 0.003806
f(10) = 0.005966
f(11) = 0.010878
f(12) = 0.022347
f(13) = 0.051602
f(14) = 0.124450
f(15) = 0.331172
