Magnetizacion = 0.910881    +- 0.001125
Energia Media = -0.872227    +- 0.024293
Calor especifico = 1.475342

Funcion de correlacion:
f(0) = 1.000000
f(1) = 0.872264
f(2) = 0.843523
f(3) = 0.835113
f(4) = 0.832216
f(5) = 0.831020
f(6) = 0.830438
f(7) = 0.829869
f(8) = 0.830041
f(9) = 0.829869
f(10) = 0.830437
f(11) = 0.831020
f(12) = 0.832216
f(13) = 0.835113
f(14) = 0.843523
f(15) = 0.872264
