Magnetizacion = 0.963804    +- 0.000497
Energia Media = -0.939652    +- 0.015583
Calor especifico = 0.693770

Funcion de correlacion:
f(0) = 1.000000
f(1) = 0.939750
f(2) = 0.931052
f(3) = 0.929467
f(4) = 0.929070
f(5) = 0.928906
f(6) = 0.928933
f(7) = 0.928897
f(8) = 0.928980
f(9) = 0.928897
f(10) = 0.928933
f(11) = 0.928906
f(12) = 0.929070
f(13) = 0.929467
f(14) = 0.931052
f(15) = 0.939750
