Magnetizacion = 0.986406    +- 0.000255
Energia Media = -0.975347    +- 0.009596
Calor especifico = 0.306958

Funcion de correlacion:
f(0) = 1.000000
f(1) = 0.975388
f(2) = 0.973220
f(3) = 0.973061
f(4) = 0.972997
f(5) = 0.972991
f(6) = 0.972978
f(7) = 0.972986
f(8) = 0.972988
f(9) = 0.972986
f(10) = 0.972978
f(11) = 0.972991
f(12) = 0.972997
f(13) = 0.973061
f(14) = 0.973220
f(15) = 0.975388
