Magnetizacion = 0.392794    +- 0.004518
Energia Media = -0.566645    +- 0.036447
Calor especifico = 2.656722

Funcion de correlacion:
f(0) = 1.000000
f(1) = 0.566287
f(2) = 0.387959
f(3) = 0.295394
f(4) = 0.239380
f(5) = 0.203705
f(6) = 0.181663
f(7) = 0.170128
f(8) = 0.166319
f(9) = 0.170128
f(10) = 0.181662
f(11) = 0.203705
f(12) = 0.239380
f(13) = 0.295394
f(14) = 0.387959
f(15) = 0.566287
