Magnetizacion = 0.103055    +- 0.001551
Energia Media = -0.279628    +- 0.023598
Calor especifico = 0.928123

Funcion de correlacion:
f(0) = 1.000000
f(1) = 0.280003
f(2) = 0.086486
f(3) = 0.028277
f(4) = 0.010139
f(5) = 0.004584
f(6) = 0.001666
f(7) = 0.001156
f(8) = 0.000772
f(9) = 0.001156
f(10) = 0.001666
f(11) = 0.004584
f(12) = 0.010139
f(13) = 0.028277
f(14) = 0.086486
f(15) = 0.280003
