Magnetizacion = 0.738274    +- 0.003578
Energia Media = -0.740683    +- 0.038807
Calor especifico = 3.346703

Funcion de correlacion:
f(0) = 1.000000
f(1) = 0.740564
f(2) = 0.651400
f(3) = 0.610056
f(4) = 0.587264
f(5) = 0.573702
f(6) = 0.565452
f(7) = 0.561172
f(8) = 0.559533
f(9) = 0.561172
f(10) = 0.565452
f(11) = 0.573702
f(12) = 0.587264
f(13) = 0.610056
f(14) = 0.651400
f(15) = 0.740564
