Magnetizacion = 0.232448    +- 0.003253
Energia Media = -0.470055    +- 0.029861
Calor especifico = 1.621198

Funcion de correlacion:
f(0) = 1.000000
f(1) = 0.469886
f(2) = 0.260536
f(3) = 0.160230
f(4) = 0.104456
f(5) = 0.072234
f(6) = 0.053230
f(7) = 0.044366
f(8) = 0.041558
f(9) = 0.044366
f(10) = 0.053230
f(11) = 0.072234
f(12) = 0.104456
f(13) = 0.160230
f(14) = 0.260536
f(15) = 0.469886
